1
0.000001
0.000036
16
0.000219
0.000116
32
0.000232
0.000225
32
0.000200
0.000163
64
0.000226
0.000407
64
0.000224
0.000410
64
0.000231
0.000406
128
0.000518
0.001999
128
0.000360
0.001372
128
0.000358
0.001383
128
0.000357
0.001369
128
0.000367
0.001362
128
0.000503
0.001992
256
0.000835
0.005133
256
0.000840
0.005097
256
0.001228
0.007577
256
0.000827
0.005084
256
0.001235
0.007542
256
0.000836
0.005092
256
0.000845
0.005424
256
0.001202
0.005103
256
0.001075
0.005228
256
0.001225
0.007529
256
0.001254
0.007541
256
0.000816
0.005115
256
0.001246
0.007589
512
0.002726
0.021005
512
0.002612
0.020338
512
0.003850
0.029590
512
0.003887
0.029528
512
0.002646
0.020077
512
0.003375
0.022038
512
0.003650
0.019799
512
0.003852
0.029620
512
0.002587
0.020679
512
0.002613
0.019839
512
0.003817
0.023697
512
0.003508
0.019929
512
0.002751
0.020141
512
0.002577
0.020307
512
0.002581
0.023937
512
0.002904
0.020555
512
0.004163
0.030942
512
0.003848
0.030092
512
0.002582
0.021003
512
0.002578
0.020710
512
0.003836
0.030085
512
0.003800
0.030197
512
0.002579
0.020285
512
0.004080
0.024044
512
0.002575
0.020824
512
0.003991
0.029722
1024
0.014899
0.118643
1024
0.009127
0.080705
1024
0.013860
0.088875
1024
0.009206
0.081396
1024
0.010069
0.081997
1024
0.013977
0.082952
1024
0.009052
0.081358
1024
0.010543
0.080746
1024
0.013886
0.091627
1024
0.013922
0.118138
1024
0.009121
0.081712
1024
0.009335
0.080480
1024
0.009750
0.081124
1024
0.009230
0.080502
1024
0.011878
0.080628
1024
0.011737
0.080812
1024
0.013918
0.094564
1024
0.013916
0.118025
1024
0.013417
0.081060
1024
0.010430
0.080520
1024
0.013928
0.118166
1024
0.009089
0.080580
1024
0.010751
0.081113
1024
0.009209
0.080500
1024
0.009385
0.080591
1024
0.009289
0.080608
1024
0.009392
0.080923
1024
0.014069
0.082196
1024
0.009121
0.080443
1024
0.013916
0.082635
1024
0.009125
0.080533
1024
0.014096
0.081064
1024
0.011784
0.081041
1024
0.011866
0.080678
1024
0.012105
0.080555
1024
0.010441
0.080566
1024
0.009357
0.080217
1024
0.012705
0.080612
1024
0.010915
0.079917
1024
0.009495
0.080793
1024
0.009459
0.080987
1024
0.009301
0.080482
1024
0.009255
0.080199
1
0.000001
0.000053
16
0.000179
0.000087
32
0.000182
0.000165
32
0.000181
0.000190
64
0.000224
0.000411
64
0.000231
0.000409
64
0.000224
0.000406
128
0.000363
0.001381
128
0.000518
0.001994
128
0.000364
0.001388
128
0.000366
0.001389
128
0.000362
0.001361
128
0.000513
0.001985
256
0.001219
0.007479
256
0.001226
0.007518
256
0.000896
0.005105
256
0.001232
0.007532
256
0.000830
0.005278
256
0.000826
0.005090
256
0.001264
0.007498
256
0.001226
0.007553
256
0.000820
0.005188
256
0.000834
0.005096
256
0.001228
0.007488
256
0.001127
0.005098
256
0.000821
0.005211
512
0.002597
0.020569
512
0.002584
0.020128
512
0.002699
0.020552
512
0.002872
0.020365
512
0.003825
0.030355
512
0.004111
0.030598
512
0.002598
0.020175
512
0.002572
0.020500
512
0.002634
0.020149
512
0.003504
0.020334
512
0.002588
0.020740
512
0.003854
0.029757
512
0.002618
0.020404
512
0.002597
0.020101
512
0.003851
0.030074
512
0.003875
0.025306
512
0.003861
0.025731
512
0.002701
0.020133
512
0.003842
0.030714
512
0.003507
0.020095
512
0.002577
0.020397
512
0.002570
0.021179
512
0.002590
0.019960
512
0.003854
0.028613
512
0.003474
0.020613
512
0.002578
0.020353
1024
0.009160
0.081465
1024
0.013954
0.091705
1024
0.009175
0.080501
1024
0.013913
0.087500
1024
0.009172
0.080193
1024
0.013705
0.080098
1024
0.013868
0.093004
1024
0.009102
0.080180
1024
0.009582
0.080353
1024
0.009352
0.079942
1024
0.009625
0.080484
1024
0.012352
0.080845
1024
0.012436
0.080135
1024
0.016284
0.079927
1024
0.012545
0.079994
1024
0.009350
0.079854
1024
0.009393
0.080183
1024
0.014020
0.086634
1024
0.013882
0.110492
1024
0.009165
0.081287
1024
0.009195
0.080247
1024
0.009228
0.080303
1024
0.009410
0.080476
1024
0.011636
0.080866
1024
0.013925
0.091304
1024
0.012715
0.080687
1024
0.009437
0.080509
1024
0.013943
0.116630
1024
0.009118
0.083008
1024
0.013940
0.082827
1024
0.009135
0.080355
1024
0.009194
0.080043
1024
0.010520
0.080487
1024
0.009230
0.080512
1024
0.013888
0.082101
1024
0.014161
0.083430
1024
0.012980
0.081532
1024
0.012222
0.080496
1024
0.009211
0.080371
1024
0.013911
0.082428
1024
0.009081
0.079905
1024
0.011592
0.080716
1024
0.013908
0.111592
1024
0.009083
0.081871
1024
0.009625
0.080058
1024
0.010681
0.081523
1024
0.009193
0.080031
1024
0.010185
0.080226
