1
0.000051
0.000030
16
0.000053
0.000091
32
0.000075
0.000193
32
0.000070
0.000159
64
0.000109
0.000526
64
0.000095
0.000403
64
0.000096
0.000422
128
0.000244
0.001352
128
0.000225
0.001384
128
0.000226
0.001354
128
0.000225
0.001350
128
0.000238
0.001355
128
0.000222
0.001360
256
0.000799
0.005067
256
0.001038
0.005066
256
0.000814
0.005328
256
0.000827
0.005071
256
0.000895
0.005106
256
0.000829
0.005077
256
0.000806
0.005095
256
0.000825
0.005068
256
0.000850
0.005069
256
0.000841
0.005071
256
0.000744
0.005276
256
0.000713
0.005084
256
0.000785
0.005084
512
0.003081
0.020013
512
0.002827
0.023154
512
0.002901
0.021121
512
0.003063
0.024332
512
0.002587
0.020920
512
0.003074
0.019970
512
0.003297
0.021514
512
0.003216
0.020154
512
0.002962
0.020641
512
0.003067
0.020091
512
0.003016
0.021650
512
0.003017
0.019822
512
0.002986
0.021034
512
0.002976
0.020214
512
0.003054
0.019906
512
0.003046
0.020530
512
0.003275
0.023271
512
0.003192
0.019813
512
0.002967
0.020289
512
0.003079
0.019877
512
0.003199
0.020170
512
0.002834
0.020208
512
0.003056
0.021046
512
0.003056
0.019871
512
0.003092
0.021033
512
0.003067
0.023129
1024
0.011180
0.080174
1024
0.010684
0.082972
1024
0.011715
0.080255
1024
0.011732
0.080216
1024
0.011826
0.080502
1024
0.012357
0.080291
1024
0.011806
0.080272
1024
0.010950
0.080505
1024
0.012246
0.080039
1024
0.010872
0.080201
1024
0.011668
0.080248
1024
0.011738
0.080358
1024
0.011826
0.080378
1024
0.012036
0.080138
1024
0.011184
0.082071
1024
0.012593
0.079804
1024
0.011400
0.082563
1024
0.011680
0.080417
1024
0.011121
0.083050
1024
0.012361
0.080249
1024
0.011997
0.080968
1024
0.011494
0.080195
1024
0.011774
0.079908
1024
0.010641
0.080633
1024
0.012257
0.080380
1024
0.011990
0.082978
1024
0.011624
0.080217
1024
0.011881
0.080577
1024
0.011155
0.079949
1024
0.011184
0.080212
1024
0.012342
0.080705
1024
0.011994
0.080163
1024
0.011305
0.079960
1024
0.012184
0.080219
1024
0.012285
0.080424
1024
0.013151
0.080240
1024
0.011762
0.080262
1024
0.012444
0.083171
1024
0.011761
0.080336
1024
0.012102
0.080040
1024
0.012365
0.079839
1024
0.011420
0.080232
1024
0.011257
0.080473
1024
0.012262
0.080224
1024
0.012365
0.080168
1024
0.012019
0.079889
1024
0.011909
0.080350
1024
0.011895
0.080853
